1.000000
0.809017
0.309017
-0.309017
-0.809017
-1.000000
-0.809017
-0.309017
0.309017
0.809017
1.000000
0.809017
0.309017
-0.309017
-0.809017
-1.000000
-0.809017
-0.309017
0.309017
0.809017
1.000000
0.809017
0.309017
-0.309017
-0.809017
-1.000000
-0.809017
-0.309017
0.309017
0.809017
1.000000
0.809017
0.309017
-0.309017
-0.809017
-1.000000
-0.809017
-0.309017
0.309017
0.809017
1.000000
0.809017
0.309017
-0.309017
-0.809017
-1.000000
-0.809017
-0.309017
0.309017
0.809017
1.000000
0.809017
0.309017
-0.309017
-0.809017
-1.000000
-0.809017
-0.309017
0.309017
0.809017
1.000000
0.809017
0.309017
-0.309017
-0.809017
-1.000000
-0.809017
-0.309017
0.309017
0.809017
1.000000
0.809017
0.309017
-0.309017
-0.809017
-1.000000
-0.809017
-0.309017
0.309017
0.809017
1.000000
0.809017
0.309017
-0.309017
-0.809017
-1.000000
-0.809017
-0.309017
0.309017
0.809017
1.000000
0.809017
0.309017
-0.309017
-0.809017
-1.000000
-0.809017
-0.309017
0.309017
0.809017
1.000000
0.809017
0.309017
-0.309017
-0.809017
-1.000000
-0.809017
-0.309017
0.309017
0.809017
1.000000
0.809017
0.309017
-0.309017
-0.809017
-1.000000
-0.809017
-0.309017
0.309017
0.809017
1.000000
0.809017
0.309017
-0.309017
-0.809017
-1.000000
-0.809017
-0.309017
