0.955336
0.362358
-0.504846
-0.989992
-0.725932
0.087499
0.834713
0.950233
0.346635
-0.519289
-0.992225
-0.714266
0.104236
0.843854
0.944860
0.330815
-0.533584
-0.994178
-0.702397
0.120944
0.852757
0.939220
0.314901
-0.547729
-0.995849
-0.690330
0.137617
0.861418
0.933315
0.298898
-0.561719
-0.997239
-0.678068
0.154251
0.869836
0.927146
0.282810
-0.575550
-0.998346
-0.665613
0.170842
0.878008
0.920715
0.266643
-0.589219
-0.999172
-0.652971
0.187385
0.885932
0.914023
0.250400
-0.602721
-0.999715
-0.640144
0.203874
0.893605
0.907073
0.234086
-0.616052
-0.999975
-0.627136
0.220306
0.901026
0.899867
0.217707
-0.629210
-0.999953
-0.613951
0.236676
0.908192
0.892406
0.201265
-0.642189
-0.999647
-0.600593
0.252979
0.915101
0.884693
0.184767
-0.654987
-0.999060
-0.587064
0.269210
0.921751
0.876730
0.168216
-0.667600
-0.998190
-0.573370
0.285365
0.928141
0.868518
0.151618
-0.680023
-0.997037
-0.559513
0.301440
0.934268
0.860062
0.134977
-0.692255
-0.995603
-0.545498
0.317429
0.940132
0.851362
0.118298
-0.704291
-0.993887
-0.531329
0.333328
0.945729
0.842421
0.101586
-0.716128
-0.991890
-0.517010
0.349133
0.951059
0.833243
0.084844
-0.727762
-0.989613
-0.502544
0.364840
0.956121
0.823828
0.068079
