2.632748
1.845008
0.753781
-0.461435
-1.600750
-2.476756
-2.945359
-2.929477
-2.431724
-1.533974
-0.383900
0.829322
1.906129
2.669394
2.993570
2.825330
2.192350
1.198749
0.007964
-1.184130
-2.181446
-2.819934
-2.994570
-2.676626
-1.918402
-0.844619
0.368097
1.520264
2.422361
2.926003
2.948344
2.485710
1.614199
0.477168
-0.738353
-1.832422
-2.625074
-2.985926
-2.855621
-2.255592
-1.284540
-0.102192
1.096965
2.115681
2.786388
2.998759
2.717863
1.989903
0.934622
-0.274395
-1.438277
-2.365575
-2.903759
-2.964300
-2.537242
-1.692831
-0.569965
0.646655
1.756906
2.578163
2.975335
2.883093
2.316608
1.369063
0.196320
-1.008717
-2.047828
-2.750091
-2.999989
-2.756417
-2.059440
-1.023704
0.180422
1.354870
2.306455
2.878649
2.977332
2.586271
1.769793
0.662200
-0.554319
-1.679657
-2.528707
-2.961809
-2.907720
-2.375338
-1.452235
-0.290253
0.919473
1.977954
2.711080
2.998259
2.792252
2.126945
1.111775
-0.086271
-1.270127
-2.245058
-2.850698
-2.987425
-2.632748
-1.845008
-0.753781
0.461435
1.600750
2.476756
2.945359
2.929477
2.431724
1.533974
0.383900
-0.829322
-1.906129
-2.669394
-2.993570
-2.825330
-2.192350
-1.198749
-0.007964
1.184130
2.181446
2.819934
2.994570
2.676626
1.918402
0.844619
-0.368097
-1.520264
