1.000000
0.338738
-0.770513
-0.860742
0.187381
0.987688
0.481754
-0.661312
-0.929776
0.031411
0.951057
0.612907
-0.535827
-0.975917
-0.125333
0.891007
0.728969
-0.397148
-0.998027
-0.278991
0.809017
0.827081
-0.248690
-0.995562
-0.425779
0.707107
0.904827
-0.094108
-0.968583
-0.562083
0.587785
0.960294
0.062791
-0.917755
-0.684547
0.453990
0.992115
0.218143
-0.844328
-0.790155
0.309017
0.999507
0.368125
-0.750111
-0.876307
0.156434
0.982287
0.509041
-0.637424
-0.940881
-0.000000
0.940881
0.637424
-0.509041
-0.982287
-0.156434
0.876307
0.750111
-0.368125
-0.999507
-0.309017
0.790155
0.844328
-0.218143
-0.992115
-0.453990
0.684547
0.917755
-0.062791
-0.960294
-0.587785
0.562083
0.968583
0.094108
-0.904827
-0.707107
0.425779
0.995562
0.248690
-0.827081
-0.809017
0.278991
0.998027
0.397148
-0.728969
-0.891007
0.125333
0.975917
0.535827
-0.612907
-0.951057
-0.031411
0.929776
0.661312
-0.481754
-0.987688
-0.187381
0.860742
0.770513
-0.338738
-1.000000
-0.338738
0.770513
0.860742
-0.187381
-0.987688
-0.481754
0.661312
0.929776
-0.031411
-0.951057
-0.612907
0.535827
0.975917
0.125333
-0.891007
-0.728969
0.397148
0.998027
0.278991
-0.809017
-0.827081
0.248690
0.995562
0.425779
-0.707107
-0.904827
0.094108
