1.000000
-0.968583
0.876307
-0.728969
0.535827
-0.309017
0.062791
0.187381
-0.425779
0.637424
-0.809017
0.929776
-0.992115
0.992115
-0.929776
0.809017
-0.637424
0.425779
-0.187381
-0.062791
0.309017
-0.535827
0.728969
-0.876307
0.968583
-1.000000
0.968583
-0.876307
0.728969
-0.535827
0.309017
-0.062791
-0.187381
0.425779
-0.637424
0.809017
-0.929776
0.992115
-0.992115
0.929776
-0.809017
0.637424
-0.425779
0.187381
0.062791
-0.309017
0.535827
-0.728969
0.876307
-0.968583
1.000000
-0.968583
0.876307
-0.728969
0.535827
-0.309017
0.062791
0.187381
-0.425779
0.637424
-0.809017
0.929776
-0.992115
0.992115
-0.929776
0.809017
-0.637424
0.425779
-0.187381
-0.062791
0.309017
-0.535827
0.728969
-0.876307
0.968583
-1.000000
0.968583
-0.876307
0.728969
-0.535827
0.309017
-0.062791
-0.187381
0.425779
-0.637424
0.809017
-0.929776
0.992115
-0.992115
0.929776
-0.809017
0.637424
-0.425779
0.187381
0.062791
-0.309017
0.535827
-0.728969
0.876307
-0.968583
1.000000
-0.968583
0.876307
-0.728969
0.535827
-0.309017
0.062791
0.187381
-0.425779
0.637424
-0.809017
0.929776
-0.992115
0.992115
-0.929776
0.809017
-0.637424
0.425779
-0.187381
-0.062791
0.309017
-0.535827
0.728969
-0.876307
0.968583
-1.000000
0.968583
-0.876307
