1.000000
0.540302
-0.416147
-0.989992
-0.653644
0.283662
0.960170
0.753902
-0.145500
-0.911130
-0.839072
0.004426
0.843854
0.907447
0.136737
-0.759688
-0.957659
-0.275163
0.660317
0.988705
0.408082
-0.547729
-0.999961
-0.532833
0.424179
0.991203
0.646919
-0.292139
-0.962606
-0.748058
0.154251
0.914742
0.834223
-0.013277
-0.848570
-0.903692
-0.127964
0.765414
0.955074
0.266643
-0.666938
-0.987339
-0.399985
0.555113
0.999843
0.525322
-0.432178
-0.992335
-0.640144
0.300593
0.964966
0.742154
-0.162991
-0.918283
-0.829310
0.022127
0.853220
0.899867
0.119180
-0.771080
-0.952413
-0.258102
0.673507
0.985897
0.391857
-0.562454
-0.999647
-0.517770
0.440143
0.993390
0.633319
-0.309023
-0.967251
-0.736193
0.171717
0.921751
0.824331
-0.030975
-0.857803
-0.895971
-0.110387
0.776686
0.949678
0.249540
-0.680023
-0.984377
-0.383698
0.569750
0.999373
0.510177
-0.448074
-0.994367
-0.626444
0.317429
0.969459
0.730174
-0.180430
-0.925148
-0.819288
0.039821
0.862319
0.892005
0.101586
-0.782231
-0.946868
-0.240959
0.686487
0.982780
0.375510
-0.577002
-0.999021
-0.502544
0.455969
0.995267
0.619521
-0.325810
-0.971592
-0.724097
0.189129
0.928471
0.814181
-0.048664
-0.866767
-0.887969
-0.092776
0.787715
0.943984
0.232359
