0.764842
0.053956
-0.690971
-0.999961
-0.678069
0.071620
0.776124
0.990967
0.580603
-0.196067
-0.849037
-0.966344
-0.473980
0.317421
0.908560
0.926482
0.359882
-0.433770
-0.953754
-0.872009
-0.240109
0.543278
0.983907
0.803784
0.116549
-0.644218
-0.998543
-0.722882
0.008850
0.734998
0.997432
0.630580
-0.134108
-0.814187
-0.980591
-0.528334
0.257252
0.880536
0.948285
0.417755
-0.376338
-0.932998
-0.901024
-0.300589
0.489490
0.970746
0.839553
0.178681
-0.594922
-0.993185
-0.764842
-0.053956
0.690971
0.999961
0.678069
-0.071620
-0.776124
-0.990967
-0.580603
0.196067
0.849037
0.966344
0.473980
-0.317421
-0.908560
-0.926482
-0.359882
0.433770
0.953754
0.872009
0.240109
-0.543278
-0.983907
-0.803784
-0.116549
0.644218
0.998543
0.722882
-0.008850
-0.734998
-0.997432
-0.630580
0.134108
0.814187
0.980591
0.528334
-0.257252
-0.880536
-0.948285
-0.417755
0.376338
0.932998
0.901024
0.300589
-0.489490
-0.970746
-0.839553
-0.178681
0.594922
0.993185
0.764842
0.053956
-0.690971
-0.999961
-0.678069
0.071620
0.776124
0.990967
0.580603
-0.196067
-0.849037
-0.966344
-0.473980
0.317421
0.908560
0.926482
0.359882
-0.433770
-0.953754
-0.872009
-0.240109
0.543278
0.983907
0.803784
0.116549
-0.644218
-0.998543
-0.722882
